,1d,2d,3d,4d,5d,sr
1d,1.0,0.6846517749221522,0.5659895981925146,0.4973045884853763,0.4487068034487986,0.7226422523075658
2d,0.6846517749221522,1.0,0.7984731005512852,0.698069948048929,0.6309984714599894,0.47861420420946726
3d,0.5659895981925146,0.7984731005512852,1.0,0.8524200332341311,0.7681767858698177,0.3930558511794054
4d,0.4973045884853763,0.698069948048929,0.8524200332341311,1.0,0.8840098604788501,0.3491547376374815
5d,0.4487068034487986,0.6309984714599894,0.7681767858698177,0.8840098604788501,1.0,0.3043894464377416
sr,0.7226422523075658,0.47861420420946726,0.3930558511794054,0.3491547376374815,0.3043894464377416,1.0
