,1d,2d,3d,4d,5d,sr
1d,1.0,0.7220099671253308,0.5990039962593741,0.5109997047102227,0.45729429927794046,0.7189890848987041
2d,0.7220099671253308,1.0,0.8321461510205158,0.7247425063944662,0.6440444581197391,0.4860351599635194
3d,0.5990039962593741,0.8321461510205158,1.0,0.8787310296858716,0.7897550620099568,0.38936322642429133
4d,0.5109997047102227,0.7247425063944662,0.8787310296858716,1.0,0.9052586823069203,0.3194968412529897
5d,0.45729429927794046,0.6440444581197391,0.7897550620099568,0.9052586823069203,1.0,0.29598293664476794
sr,0.7189890848987041,0.4860351599635194,0.38936322642429133,0.3194968412529897,0.29598293664476794,1.0
