,san_returns_1d,san_returns_2d,san_returns_3d,san_returns_4d,san_returns_5d,san_returns_10d,san_returns_21d,san_returns_50d,san_momentum_1d,san_momentum_2d,san_momentum_3d,san_momentum_4d,san_momentum_5d,san_momentum_10d,san_momentum_21d,san_momentum_50d,san_sma_5d,san_sma_10d,san_sma_15d,san_sma_20d,san_sma_25d,san_sma_50d,san_sma_105d,san_sma_250d,san_volatility_20d,san_volatility_40d,san_volatility_60d,san_volatility_80d,san_volatility_100d,san_volatility_200d,san_driftless_volatility_20d,san_driftless_volatility_40d,san_driftless_volatility_60d,san_driftless_volatility_80d,san_driftless_volatility_100d,san_driftless_volatility_200d,san_sgn_returns_1d,san_sgn_returns_2d,san_sgn_returns_3d,san_sgn_returns_4d,san_sgn_returns_5d,san_sgn_returns_10d,san_sgn_returns_21d,san_sgn_returns_50d,san_cds_returns_1d,san_cds_returns_2d,san_cds_returns_3d,san_cds_returns_4d,san_cds_returns_5d,san_cds_returns_10d,san_cds_returns_21d,san_cds_returns_50d,san_cds_momentum_1d,san_cds_momentum_2d,san_cds_momentum_3d,san_cds_momentum_4d,san_cds_momentum_5d,san_cds_momentum_10d,san_cds_momentum_21d,san_cds_momentum_50d,san_volumes_momentum_1d,san_volumes_momentum_2d,san_volumes_momentum_3d,san_volumes_momentum_4d,san_volumes_momentum_5d,san_volumes_momentum_10d,san_volumes_momentum_21d,san_volumes_momentum_50d,san_median_volumes_20d,san_median_volumes_40d,san_median_volumes_60d,san_median_volumes_80d,san_median_volumes_100d,san_median_volumes_200d,san_dvd_proxy_1d,san_stochastic_oscillator_5d,san_stochastic_oscillator_14d,san_rsi_14d,san_macd_12_26d,san_cci_20d,san_atr_14d,san_ad_1d,san_results_1d
san_returns_1d,1.0,0.7139648939404312,0.5753442502345166,0.48987510564423764,0.4419136563326071,0.30646694359485493,0.2153437978081514,0.13594421241875654,0.9281824223613668,0.664824066314822,0.5356254494142716,0.45932600090083614,0.4157712403626592,0.2900311946595397,0.20849597659292848,0.12867172298055726,-0.0033127535129363057,-0.007345553382133337,-0.008402619525923909,-0.008679391380850216,-0.009390996886767247,-0.010897218406638104,-0.01163026636715284,-0.009633307625752036,-0.0011185379617636227,0.003135592065391861,0.01327516839057813,0.01090479617895724,0.012515477475920186,0.024798448420329914,-0.015909565715733542,-0.004359518596175593,0.005561854459189149,0.004196820530861976,0.008689573872783934,0.022604175557107475,0.6894195133745968,0.5023755135337405,0.4067456340402883,0.3446340893303746,0.3056144278259137,0.20757204923181422,0.1389197463605787,0.08715776238861841,-0.4943700002004178,-0.35140972356741096,-0.2760190906113134,-0.23042367033210856,-0.1934465661590306,-0.12233083979701705,-0.10231529426831704,-0.06382604415004549,-0.49834073097579235,-0.3592567273039541,-0.2770239514003285,-0.22488385979960837,-0.18320656325423879,-0.12446382887408246,-0.10809661257366371,-0.05905968804859002,-0.018661502115207416,-0.004844405675970614,-0.01416647694553682,-0.01805939499810395,0.004658255169914299,-0.01783333294723824,-0.01938158602313526,-0.04612139069485219,-0.02943902659448155,-0.005164874303791503,0.00024937418333273383,-0.00994158030467648,-0.005013662380669088,-0.0016690547051022803,-0.004723375600200061,0.5866480803857428,0.40637227767287704,0.15910974982544748,0.005154730035627419,0.282180309385274,-0.014927653295109705,-0.022395484889151943,0.015155741975211672
san_returns_2d,0.7139648939404312,1.0,0.8200440953863273,0.701115708435406,0.6228720656501306,0.4332104402940858,0.3040956946224285,0.19167564479613278,0.6526816342063539,0.9299564662683463,0.7612286285791238,0.6512730580495435,0.5814974814898175,0.4088219327068319,0.29085129324850184,0.18017265345219513,0.0018357373184272015,-0.007280894916962974,-0.009845397589954738,-0.010777403762795445,-0.01202657100181526,-0.014829284617378412,-0.015930851014072392,-0.013215217168585609,-0.004271907760158085,0.003322179594332036,0.018881636320149567,0.015457995015998576,0.01761622520459019,0.03463426307008852,-0.0265648021545434,-0.009770197889510824,0.006386199113364527,0.0039834969715385185,0.011451547894361851,0.030821627165098755,0.492200228705719,0.6991099000375411,0.5767861221483606,0.49511986327417684,0.4450983371984826,0.29964824980642596,0.20485281687972812,0.12478209858601404,-0.4515889577897712,-0.5397533775160626,-0.4394697999953943,-0.37205574714212547,-0.32006281464604297,-0.20019180475977535,-0.16083559848470125,-0.10154623481851156,-0.4578342662362224,-0.5481279179210659,-0.44762831674348136,-0.37372958162031067,-0.3150180204567495,-0.20771614252400572,-0.17484832663107558,-0.10056498282120177,-0.031916337157752335,-0.0308575826083662,-0.028603852995305608,-0.03729375182776793,-0.02463840541662075,-0.033184779944068515,-0.03370776572036015,-0.08363154307159011,-0.04626977951127019,-0.01071916690487139,-0.0015287705176662775,-0.015290109169244287,-0.00911353067718168,-0.0036311683347181193,-0.006832412324318746,0.7032362789723473,0.5247926926545093,0.22090580800828702,0.011704275866673148,0.441017363459624,-0.02550538144982582,-0.032283932665512875,0.003350503328235364
san_returns_3d,0.5753442502345166,0.8200440953863273,1.0,0.8666211874511311,0.7683405738188945,0.5328075454623389,0.3706571357689488,0.2334657300430612,0.5201140043647463,0.7527483051737605,0.9281048099487709,0.802161806063366,0.7120029305505381,0.49911962483519734,0.3518122405148024,0.21671463536318195,0.011065865359278627,-0.004488310195289274,-0.009028820022590148,-0.010814253734036498,-0.012674880475094354,-0.016963818599073973,-0.01862928067776061,-0.015548973145156507,-0.012954240857266772,0.0013771555595095204,0.020600792944574804,0.016389410332083656,0.01960340376127028,0.04103532641486156,-0.03920942423640652,-0.01620897552467835,0.0051203843332796335,0.0016915689524436726,0.011658952230242537,0.03622950982365698,0.39677615303969155,0.5725949176884685,0.6996562560772037,0.6064780722073317,0.5457032960764618,0.36700263370697933,0.25726619554069713,0.15063626972193844,-0.3863949741417868,-0.5088974088924748,-0.5560153262542991,-0.483526218853785,-0.4221764567060073,-0.26808607190230227,-0.20511831207647052,-0.13174762290185416,-0.38525064901704903,-0.513210018568639,-0.5627521246500424,-0.49035789519332595,-0.42287513392400317,-0.27798849263825376,-0.22429239612229168,-0.13338654554746893,-0.0009290174960142477,-0.0169142464158507,-0.02423430148222203,-0.02539823322559925,-0.020303084926270098,-0.027524639700445584,-0.02660663564544307,-0.08077298436494591,-0.062170972526809594,-0.016582582834640983,-0.0030620874764948174,-0.019262437521783998,-0.012967322277575348,-0.005185418515154018,-0.008568670377155784,0.7434505718633383,0.6002545440336347,0.2680404175470175,0.020727260552307513,0.5361248759184425,-0.03638273439763936,-0.040049569704219364,-0.0031851543338018355
san_returns_4d,0.48987510564423764,0.701115708435406,0.8666211874511311,1.0,0.8941240594336723,0.6149812747705238,0.42696313277147596,0.2696977393300531,0.44440722640952696,0.6410925260304408,0.7981314630109793,0.9278510554524073,0.828185716259278,0.575019840170499,0.4035353164981799,0.24944172388680072,0.022849526464872216,-0.00045118399845000575,-0.0073682342150064315,-0.010253154391810869,-0.01275489109608967,-0.018745389151699023,-0.02113476760462084,-0.01789820998688167,-0.023546061157530416,-0.003381164294158613,0.019887878825809856,0.015928210450037304,0.020193422393810213,0.046005058466350765,-0.052449867107379144,-0.023590121353444137,0.0027429131770338355,-0.0010643563277178743,0.010959521494554592,0.04028669412473836,0.340782724145953,0.4983772654030883,0.6075515958670841,0.7054114555492405,0.6303162765353666,0.43010346984009706,0.3016632706037222,0.18013669870198187,-0.326280392124252,-0.44650180771929293,-0.5256113738011651,-0.5635157180619563,-0.5039163130042822,-0.32064843844738306,-0.24138447550816597,-0.15639941176862232,-0.3156164727185201,-0.4404642115414796,-0.5249949424209596,-0.5673458592076857,-0.5072133637039387,-0.32926094647063747,-0.26164581334244436,-0.1575626807416651,-0.010377383794332685,-0.004070985979942587,-0.02199704180459704,-0.030355344019158757,-0.020853259881439882,-0.019834842580762856,-0.030550804530668354,-0.08801844826837268,-0.07846952771642739,-0.022682839878472246,-0.005119600070926989,-0.022560955949353586,-0.01626015316045593,-0.00609600882360053,-0.00988823248107131,0.7528170707696934,0.6549473755741027,0.3119645251171216,0.03153263054444142,0.6051861960048948,-0.04824370294731938,-0.0461722087418108,-0.005603259555609873
san_returns_5d,0.4419136563326071,0.6228720656501306,0.7683405738188945,0.8941240594336723,1.0,0.6885731245685206,0.4732364096940485,0.3025619555429096,0.3992012579370746,0.5694034365559099,0.7048210861482944,0.8239121824765487,0.9277630826588289,0.6409459801027403,0.4445023164880162,0.2788137873226982,0.03696887700080249,0.004939881392065877,-0.004626681022581728,-0.008824625529464671,-0.011986718792020339,-0.019823475144511972,-0.023087801489771888,-0.019893940117268586,-0.035392401082063575,-0.009383717598884355,0.01764154057509165,0.013748175863242236,0.019525530401019765,0.049656199442367516,-0.06658772131781567,-0.031399751716039086,-0.0007597528546917985,-0.004711890417641046,0.00908225841429514,0.043216240784169975,0.3033969526384478,0.4452408444085709,0.5415339041355015,0.6252502520037544,0.705110591856783,0.48215502008786043,0.3362837636928366,0.2047888572338565,-0.2868968139780063,-0.39063102176142483,-0.4705504671975046,-0.5343362847169977,-0.563747162356708,-0.36569561034203996,-0.2689323847498108,-0.17712249990551973,-0.26985211780107965,-0.3747699467818486,-0.4592676626257148,-0.5298528856700894,-0.5639103467988255,-0.36868220348908565,-0.2883258478234761,-0.1763945296176073,-0.010145444353865135,-0.011719922831454637,-0.011287465654446797,-0.02858803469505296,-0.026733063385290416,-0.017945267848185,-0.0405479891037854,-0.09590762858107095,-0.0933294790654597,-0.029664127368907528,-0.007569692019243702,-0.025430477677617767,-0.01903096451280269,-0.006531574825939207,-0.010926744135840669,0.7115076230373157,0.691722815863235,0.348786121482765,0.043713739686644694,0.6543747611125481,-0.060369536557799655,-0.0511027910877435,-0.003558571943425569
san_returns_10d,0.30646694359485493,0.4332104402940858,0.5328075454623389,0.6149812747705238,0.6885731245685206,1.0,0.6748560445458294,0.44292974361000087,0.27564242305851505,0.3954140648530757,0.4878418088499438,0.5648522583708104,0.6331754657026314,0.9277115422643507,0.6245342894079544,0.40350431263308467,0.08155662116999542,0.04382218867270039,0.016320807391884854,0.00356891359222022,-0.004302814521914395,-0.023369238960934645,-0.03245364250499308,-0.030943323549076897,-0.10323343376605673,-0.04663891521611033,-0.0030304571844628086,-0.0010700926408113542,0.011060681868616532,0.06148729362371139,-0.14165042867491867,-0.07683907400304808,-0.02560738908762947,-0.024873364275664882,-0.0033287631076847407,0.05213812132155186,0.22084364887298719,0.3128610934400261,0.37660994589496,0.4479521042816111,0.49247358575906597,0.7063666594497605,0.4905199623257078,0.3159573066515661,-0.20347233895944863,-0.27638850519849206,-0.32737362666676034,-0.3697996172048143,-0.4098131102013462,-0.5614452585222527,-0.37178714198905477,-0.2664626851694369,-0.18004730046214298,-0.24978276735864205,-0.29876644449454587,-0.34037536325149215,-0.3782750852576807,-0.5587220719222691,-0.38276952880802917,-0.25544620926460276,0.0020526655430825437,0.0034622122969814617,0.0037620690618819356,-0.0010634357650688197,-0.00468358547828271,-0.019070348507922226,-0.04102531083751121,-0.11683915533392235,-0.15198917661348793,-0.062228665546408865,-0.01714760975260161,-0.037106106858883596,-0.03008394737076849,-0.004511443839419327,-0.013259381773234562,0.5137732443140834,0.755456014792869,0.4788187815928405,0.1159866939578758,0.7592990281948245,-0.11966270718331515,-0.06635213350921007,-0.005234037203817244
san_returns_21d,0.2153437978081514,0.3040956946224285,0.3706571357689488,0.42696313277147596,0.4732364096940485,0.6748560445458294,1.0,0.6486411005958412,0.19904836651869331,0.2832754876702366,0.34692231425995507,0.40034679245612476,0.4432935998431605,0.6263196104737739,0.9259806310220985,0.5986942000570812,0.14862821918680788,0.123294183068168,0.09807766734323263,0.07280628674005599,0.049360729284164684,-0.001437929834722126,-0.02854167673729136,-0.036503795799361395,-0.3116633864431899,-0.1757768424614034,-0.09787090729959944,-0.06930286352108192,-0.046285217085493824,0.051121394824837595,-0.3530046206334167,-0.21766643040052158,-0.1274767539735832,-0.10320546784965184,-0.07103383707280651,0.037332984575506045,0.15559030374981098,0.22087149227579533,0.2542598662446336,0.2967574543082125,0.328722744366631,0.47766090764015884,0.716514940958002,0.45896133296274766,-0.14533245562744046,-0.20178673968254063,-0.2406155133966234,-0.27556392607665003,-0.304269081392606,-0.4133432797811605,-0.5688505074347355,-0.39668342189195294,-0.13221712960866402,-0.18360608965970102,-0.22073465263069258,-0.25344107215982814,-0.27969838151536774,-0.382242172140908,-0.5741809402775946,-0.37736142861531136,-0.002452103885095274,0.0008438432024692656,0.004417002442577514,0.007098736093490347,0.017359963417504256,0.0396815607728158,0.008332633136446423,-0.11266412263666256,-0.19891007301822708,-0.1360097896375672,-0.049051633185646946,-0.05583961133828056,-0.05838892368098787,-0.0009723079150208254,-0.017939540073546277,0.35669375266353687,0.5779295401872929,0.40526240474905795,0.2916724123181296,0.627236681024037,-0.20500582799095823,-0.09429379944326174,0.00026770008322984457
san_returns_50d,0.13594421241875654,0.19167564479613278,0.2334657300430612,0.2696977393300531,0.3025619555429096,0.44292974361000087,0.6486411005958412,1.0,0.12381208076778641,0.17651528850567583,0.2153875319139204,0.24928040826448722,0.28030711666734887,0.4111266839964686,0.6053221227602521,0.9270145698758204,0.26172934213859367,0.2455375530262913,0.228975685457432,0.21267891739635963,0.19585617624592155,0.10980604082564252,0.016772259250867644,-0.03208680745716482,-0.47297047706749573,-0.44146525052826346,-0.31914063108739815,-0.2365649151869198,-0.1834931555113399,-0.002416124513979113,-0.5070635417804571,-0.48595145102411597,-0.3647660464645632,-0.2836873518059151,-0.2271872059157214,-0.02439856914716429,0.09516925889501207,0.15194019919474056,0.16881154486116592,0.20264201410661417,0.21166659375533659,0.3221282766326759,0.4672268175804266,0.7265017830840559,-0.07342803047635925,-0.10270764659736092,-0.12476254664667424,-0.14428532688920498,-0.16051947375863582,-0.2304757298294508,-0.3446148649450897,-0.5742501331862011,-0.07391350545032267,-0.10223328356094008,-0.12265779481725672,-0.14025856868057288,-0.15458337255671664,-0.22496514323632508,-0.3609882664325603,-0.5849059082285809,-0.0013962622311924518,-0.001002729280557162,-0.0008238044976953266,-0.0019225363929749292,0.0034290789340504116,0.012217834345990435,0.028626573728440012,-0.05499250867990393,-0.1867850850964781,-0.23514721488171325,-0.1692170179051877,-0.11710101038952798,-0.10313740713497,-0.020624288681527145,-0.019366512485453777,0.24355502465329573,0.38709475730809745,0.27850726901041917,0.6408595347207245,0.40244482192888614,-0.2591577604970587,-0.1382475591747175,-0.007020017870275386
san_momentum_1d,0.9281824223613668,0.6526816342063539,0.5201140043647463,0.44440722640952696,0.3992012579370746,0.27564242305851505,0.19904836651869331,0.12381208076778641,1.0,0.7027913960993307,0.5646506167439411,0.48443693154433065,0.4365260720615286,0.3051766045846399,0.22410605664555927,0.136637519958609,-0.009799882022569598,-0.013855176803497618,-0.01505672323643341,-0.015406239062280343,-0.016327578217312115,-0.01827155204534334,-0.0192645622283031,-0.017522329357387526,-0.0012768379573430573,0.004023293152381246,0.011489680302040685,0.008616344513970205,0.010704977772668945,0.022326448566717626,-0.013205255473457609,-0.0033675618336907382,0.00316038326781515,0.0009333207133085744,0.004847784973268716,0.018728987485952628,0.6853639086634872,0.4945743793915854,0.4002038809037289,0.3394415012589617,0.30240982262260346,0.20763110568132667,0.14125893154331243,0.08570557758436297,-0.4661631531450996,-0.3249777407725039,-0.249957287322599,-0.2080680571175377,-0.17164578063487448,-0.10935413367666957,-0.09320042092291449,-0.05119970933983021,-0.46383247486786355,-0.3366015946772669,-0.25596332660821997,-0.207430045737966,-0.16669969569143853,-0.11487366866280929,-0.09979371986072742,-0.04823423288470538,-0.005151251392810496,0.004370401997606148,-0.004324209684267954,-0.01019583968071316,0.012487894866328366,-0.009210509413072655,-0.008301705841258724,-0.029019105549983194,-0.030090131624127887,-0.009177788259429548,-0.005652359910695293,-0.015394477979796256,-0.00882124296514946,-0.007074145857502691,-0.0049069753355182105,0.5797487606235321,0.4033162151015077,0.158000021348131,0.0067656364782357585,0.2800385957703288,-0.020845123242288925,-0.018138068546248623,0.002611461150655855
san_momentum_2d,0.664824066314822,0.9299564662683463,0.7527483051737605,0.6410925260304408,0.5694034365559099,0.3954140648530757,0.2832754876702366,0.17651528850567583,0.7027913960993307,1.0,0.8096132289884544,0.6918284816858258,0.6165253239397164,0.43417926946340457,0.31471063581680486,0.19287320405069167,-0.006954635584289501,-0.016403601457446015,-0.01923968854883314,-0.020332082909358635,-0.021914878203812816,-0.025444691484599626,-0.027010904167061988,-0.024680714628837357,-0.005623409005596061,0.0033148462453235945,0.015580734528463182,0.011663224748741726,0.014422926911780784,0.031239068107152202,-0.023534774579393906,-0.008872134491418465,0.0028989109671026005,-0.0006038191710641407,0.0057777595727865816,0.02575166546509643,0.4887062193200691,0.7007953967844984,0.572466773574824,0.49303535102581986,0.4463469666366114,0.3013225402455398,0.21092691691771015,0.12171343884368654,-0.4421820275209073,-0.5189216396817016,-0.41510630898674755,-0.34788727967341554,-0.29700592216644434,-0.18448514481518108,-0.1524820022985932,-0.08667009532434568,-0.4352678058501257,-0.5215552105265837,-0.4244961819556744,-0.3520411849900685,-0.2950237975086636,-0.19472772424048623,-0.1658113137852059,-0.08612636162990872,-0.04126466005223106,-0.03237257505049869,-0.03087360344300817,-0.04005855908516889,-0.02846748885283961,-0.034105670487347126,-0.031460810226205255,-0.07520031154428428,-0.048175597097455086,-0.01672074486141458,-0.009386235611182571,-0.02288367811151499,-0.01448011907771335,-0.011045114347151346,-0.00718797236490805,0.6967939123239852,0.522258985894531,0.22143124848907308,0.01480043579808041,0.44404643623684786,-0.03614157802274498,-0.02658316993858664,-0.005233178236374907
san_momentum_3d,0.5356254494142716,0.7612286285791238,0.9281048099487709,0.7981314630109793,0.7048210861482944,0.4878418088499438,0.34692231425995507,0.2153875319139204,0.5646506167439411,0.8096132289884544,1.0,0.8579572216749097,0.7598172370277615,0.5320466581326918,0.3824266190057851,0.23282744357124371,0.00044942526421219725,-0.01591237418596273,-0.020864468172155773,-0.0229102773372556,-0.0252241021964224,-0.030546170971749432,-0.03280449194862105,-0.030202632651018524,-0.015065187038950219,0.0008197038055027927,0.01666266003980395,0.012037221913658497,0.015990397834718884,0.03724257903334958,-0.03637559412296635,-0.01575058350106366,0.0006772826470372847,-0.003716133217171428,0.004891585758635481,0.03034866205463732,0.3976124114552061,0.5714842875285981,0.7044648203567488,0.6083775978295454,0.5474325383333923,0.37010321333112045,0.2665356791212085,0.14844689864465965,-0.3866921589535303,-0.5020051731725917,-0.5396636795704446,-0.4638715236235448,-0.40098067380209196,-0.25203072925677267,-0.19889340051691043,-0.11571628720059772,-0.37065869878708385,-0.4943541408122356,-0.539753303312422,-0.46920311886651006,-0.4016874738379667,-0.2637162293275811,-0.2155830436234595,-0.1164661106195201,-0.007594262858117493,-0.03066111344637386,-0.031732342076745156,-0.034356174574664736,-0.029668608657669546,-0.032095423085923155,-0.028941665761163717,-0.07689937352050304,-0.06479727832374124,-0.024478177677905503,-0.012404710926783358,-0.02850535490803232,-0.01971236384852841,-0.014327136960512547,-0.009205748792484798,0.7390759198372834,0.5991991854782357,0.27009909461674486,0.025125705618578215,0.5423657000725001,-0.052107481077621004,-0.033171535231862975,-0.0061572589663425915
san_momentum_4d,0.45932600090083614,0.6512730580495435,0.802161806063366,0.9278510554524073,0.8239121824765487,0.5648522583708104,0.40034679245612476,0.24928040826448722,0.48443693154433065,0.6918284816858258,0.8579572216749097,1.0,0.8865925444316851,0.6143808936486511,0.43932647283252996,0.2685535037053932,0.011147542882064999,-0.01353500257875351,-0.021018362879290053,-0.024268843267435,-0.027303644077990446,-0.034629110440538735,-0.03771861262982556,-0.0350669082266345,-0.02593474079292422,-0.0042194742333688615,0.015580866636188129,0.011107114030231124,0.01613150212472402,0.04180974045025175,-0.049855718116416495,-0.02352688727334731,-0.0026411207446924664,-0.007237731457109612,0.003177616806558881,0.03359007153769437,0.3465050598303082,0.49641182892281427,0.6105423159827423,0.712331448668405,0.6329864963401457,0.43548624312149203,0.3129512586642634,0.17913110707818541,-0.3241466154770896,-0.4424589899028821,-0.515608211839274,-0.5471288567801237,-0.48377130632098203,-0.3027433944137732,-0.2343307813855254,-0.13869113195945668,-0.3021213882130222,-0.4247076559337609,-0.5051030584535419,-0.5445836793223661,-0.48493108742952684,-0.31259747746500866,-0.25177501343798775,-0.13835817838494774,-0.01307027701628207,-0.012435984065302691,-0.036272384344111064,-0.04039653130705263,-0.03220256502857608,-0.02723145233966076,-0.032426661301000075,-0.08530821131575594,-0.08120518569138072,-0.032525661486713174,-0.01587906834214419,-0.03365966062541143,-0.024367076051509288,-0.016833754134814385,-0.01080087555946597,0.7509049975712114,0.6552184214476096,0.31397335913628843,0.03723622262378359,0.6127107884837619,-0.06843996881008287,-0.03840774020085114,-0.009337362351025483
san_momentum_5d,0.4157712403626592,0.5814974814898175,0.7120029305505381,0.828185716259278,0.9277630826588289,0.6331754657026314,0.4432935998431605,0.28030711666734887,0.4365260720615286,0.6165253239397164,0.7598172370277615,0.8865925444316851,1.0,0.6859839492981841,0.4837779370614922,0.30109301163848756,0.02468797449138315,-0.009515233530940734,-0.01982027133579545,-0.02450849965016239,-0.028264500355326624,-0.03774282421954849,-0.04179175520739024,-0.03927867709251786,-0.03916978898338251,-0.01102383725935082,0.012632648890401813,0.008429010408903976,0.014962770907071977,0.04501212084719134,-0.06505210575560479,-0.03189321945867374,-0.007277577288892036,-0.011643277356738351,0.0003543053438561883,0.035732693612501934,0.308480501616943,0.4460763576975408,0.5450378838646142,0.6309805935612808,0.7129212140638774,0.48698433734264396,0.348792532613347,0.2064498726463027,-0.283970422080174,-0.3848066185346848,-0.4622669136707287,-0.5223248802647508,-0.5459918378318463,-0.3451978504085147,-0.25968465585976436,-0.15796803933038658,-0.2558067748627694,-0.35880302829752186,-0.4407173959889645,-0.508529596832713,-0.5396921682684217,-0.3492206136926618,-0.2757289528141025,-0.15492257451887767,-0.014883577492539999,-0.018819512241974437,-0.022851106200285153,-0.04618159595561608,-0.040785615869271395,-0.027837728063649262,-0.0441194735963455,-0.09598979052571721,-0.09605460703295975,-0.041544488655718304,-0.019837367180038434,-0.03828405314063744,-0.02854467734319723,-0.0188525984978082,-0.012122997229372092,0.7100605111300461,0.6922077666538046,0.3495686635115501,0.05068058317309577,0.6644754717501011,-0.0850246136017268,-0.042692557718072593,-0.007684607509060678
san_momentum_10d,0.2900311946595397,0.4088219327068319,0.49911962483519734,0.575019840170499,0.6409459801027403,0.9277115422643507,0.6263196104737739,0.4111266839964686,0.3051766045846399,0.43417926946340457,0.5320466581326918,0.6143808936486511,0.6859839492981841,1.0,0.6778739779957295,0.4381189427526272,0.06779932153807672,0.02726456606539867,-0.002235655092953102,-0.016053555975356806,-0.024823375795531084,-0.04692705357740144,-0.05733577315657763,-0.057149347589187785,-0.11241362170740425,-0.05156066431168112,-0.01100010519948538,-0.010881672183751431,0.0019605154390027807,0.05385460477740317,-0.1436296371780161,-0.07996049778291826,-0.036884469655701885,-0.037371109551643904,-0.017999700269723907,0.040106483358703836,0.22639409270936847,0.3155324556264547,0.3799059616290564,0.44890061389317687,0.49397644810566904,0.7165670171544862,0.5037919359197164,0.32482437877128617,-0.1997507409615255,-0.27028603283458247,-0.31655741247213115,-0.3564286606693391,-0.3936242428395588,-0.5357105899722397,-0.3510589834802563,-0.238106268355062,-0.17104204927648875,-0.23910186172250525,-0.2850428627534013,-0.3245129383361391,-0.3596737330212887,-0.530973930735233,-0.36006034587292046,-0.22518703304848,-0.001514220433806044,-0.0020116563261625264,-0.007002343478078314,-0.01477992732788858,-0.020888511608047847,-0.04108562045337673,-0.05064469460965281,-0.13228391241841161,-0.16085579683459406,-0.08381647154354807,-0.037392208786865645,-0.05966816216580564,-0.047382876630944155,-0.02401638724252709,-0.015752978445421235,0.510620495983072,0.756050810456427,0.476822821835834,0.1300268621226234,0.7715562651834361,-0.16196291188131118,-0.05668761537319731,-0.005581943719472426
san_momentum_21d,0.20849597659292848,0.29085129324850184,0.3518122405148024,0.4035353164981799,0.4445023164880162,0.6245342894079544,0.9259806310220985,0.6053221227602521,0.22410605664555927,0.31471063581680486,0.3824266190057851,0.43932647283252996,0.4837779370614922,0.6778739779957295,1.0,0.6532741741236452,0.12526389958800993,0.09791699181728845,0.07068350141790535,0.04345501299907895,0.01810649781510538,-0.03851516094446395,-0.06790971459118982,-0.07821334093658254,-0.3083297665497063,-0.17348732958382268,-0.0973574485901643,-0.07197310044300362,-0.05153730915924691,0.04580952744910296,-0.3412217086449235,-0.21196908196504338,-0.1295957467091394,-0.1086326774168443,-0.08199775064819849,0.025519035738646115,0.16298734261709277,0.2231944087656098,0.25980358411725557,0.301007813675149,0.33462288914957383,0.48870520069823814,0.7248189750855537,0.47594032747317844,-0.1451347291234137,-0.19877459298533928,-0.23451529111389458,-0.26666177440548927,-0.2924992590560813,-0.3914531591035644,-0.5380431273970891,-0.3612161065290586,-0.12730526869702027,-0.17657711850600272,-0.2112026857494705,-0.2419418915561714,-0.2661283342304114,-0.36150867392727676,-0.540072906402743,-0.33704136484502945,-0.0018006159850890964,0.0011417478022572268,0.0049771148693067615,0.006385035426399563,0.01690501021812519,0.03543742452654991,-0.0010388170345078124,-0.12210738890646146,-0.22468274537190744,-0.1695734418108552,-0.07869343269528127,-0.08979920356490251,-0.08693534521465603,-0.03034462763153121,-0.021868152758772307,0.3545151817270015,0.5761795961597246,0.40002140170335343,0.3167703626966614,0.6355586155128627,-0.2737743886237306,-0.07815206746440036,0.004578697248657859
san_momentum_50d,0.12867172298055726,0.18017265345219513,0.21671463536318195,0.24944172388680072,0.2788137873226982,0.40350431263308467,0.5986942000570812,0.9270145698758204,0.136637519958609,0.19287320405069167,0.23282744357124371,0.2685535037053932,0.30109301163848756,0.4381189427526272,0.6532741741236452,1.0,0.22292352860740108,0.20559202501606588,0.18786010810085546,0.17024334567573682,0.15182923738580037,0.05747312600290288,-0.04323547402850135,-0.09716993851493694,-0.4644255426106087,-0.42691620288552956,-0.30880918460681606,-0.22868277336436205,-0.17865329001704114,-0.0066135010052250105,-0.4906597929710843,-0.4649794434458631,-0.3527317023116125,-0.2767732405486487,-0.22644170761677493,-0.03722678298192786,0.09598142174303177,0.14710129196843177,0.16787001356612144,0.19953465005021945,0.2137202312427072,0.3217496933615352,0.4664020924522046,0.7383854982667588,-0.07271505779125534,-0.10067485339258717,-0.12124719861568502,-0.14006245602718104,-0.15492839169152403,-0.21874383330926234,-0.3318120909163558,-0.5364968103789126,-0.07204604049587247,-0.09974107910112039,-0.11937168453161069,-0.13678343029371962,-0.15053572290999662,-0.21687802733596565,-0.3476620059517578,-0.5409419043589405,-0.003224635592370791,-0.0025202902588221635,-0.0025659607474738935,-0.004816047691722345,-0.000681563930243747,0.006058109850997914,0.020666313955164245,-0.06171292107967245,-0.20731045453123623,-0.2649390806106752,-0.20540759796848895,-0.1544140394446531,-0.13982492019499485,-0.059391600132881445,-0.024181872528237877,0.22789207008678597,0.3696258726645537,0.27172290978584474,0.6874035269175358,0.40240746535715516,-0.3560638961379446,-0.11004444683049516,-0.006285379551584446
san_sma_5d,-0.0033127535129363057,0.0018357373184272015,0.011065865359278627,0.022849526464872216,0.03696887700080249,0.08155662116999542,0.14862821918680788,0.26172934213859367,-0.009799882022569598,-0.006954635584289501,0.00044942526421219725,0.011147542882064999,0.02468797449138315,0.06779932153807672,0.12526389958800993,0.22292352860740108,1.0,0.9988256697896564,0.9969850885470171,0.9950157637828977,0.9929650706429782,0.981351736882477,0.9556084156899002,0.8814709731057985,-0.2889181468785215,-0.31077025375479195,-0.31518050189129587,-0.3130522603398489,-0.30947956120658615,-0.26365231232613834,-0.29888079766422987,-0.32737679033366446,-0.3394751005965713,-0.3446223016632228,-0.3471201844791853,-0.32013052103005624,0.006817123407687308,0.0261036336486426,0.024980371794497486,0.03378097355374116,0.05536262577652633,0.11200399498272631,0.16216901623577287,0.23302517130575748,0.04413145130009333,0.0527696705103562,0.055825815239743,0.05699791150488547,0.05711340259676917,0.067726418543573,0.08432731588626118,0.10762614754653786,0.024204369682868772,0.026793814185453926,0.025933387899716862,0.023634183642170906,0.020564752194921862,0.017382729792627644,0.0180413082858925,0.01808151658532679,0.001766746040552763,0.002993670284115797,0.004123616838005155,0.004626199880302911,0.005242067105838079,0.009165017193407463,0.015202052538793604,0.004408403351015495,0.019446420920208516,0.03588616324372318,0.04702000927227407,0.05364411401488036,0.051597123579543575,0.07145918938726013,-0.5339008016999219,0.07322945967502002,0.14452726485047276,0.07503178264289452,0.3975333815410819,0.08809548317617732,0.40733278182167837,-0.5695372777619017,-0.0003368621746883552
san_sma_10d,-0.007345553382133337,-0.007280894916962974,-0.004488310195289274,-0.00045118399845000575,0.004939881392065877,0.04382218867270039,0.123294183068168,0.2455375530262913,-0.013855176803497618,-0.016403601457446015,-0.01591237418596273,-0.01353500257875351,-0.009515233530940734,0.02726456606539867,0.09791699181728845,0.20559202501606588,0.9988256697896564,1.0,0.9992410084296103,0.9977833773802286,0.9960530152236562,0.9852733973264115,0.9598642644669295,0.8855439232145274,-0.285097393965009,-0.3094644866056715,-0.3155530356395082,-0.31337219668531024,-0.3103101477317117,-0.26645909021307357,-0.29381918410030905,-0.32492449937371215,-0.33881087559424283,-0.3438833586356393,-0.3471812030687687,-0.32247796923372235,0.0033995392978423615,0.01876454056774956,0.01252465019043835,0.015655334451466184,0.03082657852604192,0.0828125794101606,0.14166602024952896,0.22013730800994058,0.04757781925791688,0.05972944202068074,0.06709478801608573,0.073227214396404,0.07819791477318781,0.09010744808180376,0.099318350855068,0.11774177772541095,0.02622560172906282,0.03191863153999924,0.03516398108042112,0.03789242346331491,0.04002126463797386,0.03924411275262498,0.033388727395106295,0.027507409962252396,0.0019299353911055826,0.003400916440942759,0.004799029860356864,0.0059980505924093815,0.007116367582574746,0.010905529308755648,0.018418783732500516,0.010096118321017082,0.0262004373249787,0.03936215617067755,0.04865388284932681,0.05617961252719422,0.053626700832738045,0.07264851224005289,-0.5342494697699026,0.05479907928693318,0.11299775519575274,0.05522074726694053,0.3932986907319088,0.05456814008087491,0.4148400456452916,-0.5682497214417425,-8.421488062483476e-05
san_sma_15d,-0.008402619525923909,-0.009845397589954738,-0.009028820022590148,-0.0073682342150064315,-0.004626681022581728,0.016320807391884854,0.09807766734323263,0.228975685457432,-0.01505672323643341,-0.01923968854883314,-0.020864468172155773,-0.021018362879290053,-0.01982027133579545,-0.002235655092953102,0.07068350141790535,0.18786010810085546,0.9969850885470171,0.9992410084296103,1.0,0.9994416458068238,0.998242115453121,0.9887237032614935,0.9639115267386236,0.8895983527543028,-0.27848707453545263,-0.3062028441309629,-0.31431561458333396,-0.3124355424847773,-0.3100448910684253,-0.26863986955833874,-0.28615245719046434,-0.3205812511552209,-0.33668664572602525,-0.3420132754702704,-0.3462034817148642,-0.3242003877289869,0.002215172868773429,0.0166082237654065,0.009258766208298646,0.010241447738314478,0.023286594256689754,0.06171362234822629,0.12114539696303311,0.2065668154404211,0.048817586371202745,0.06211621796120462,0.07073961352635207,0.07832947346058908,0.08494750263377313,0.10762179217972363,0.11359887136990775,0.12810775071183791,0.026425281110639385,0.03293053569275097,0.03723034440550705,0.04126459775982627,0.04491413948863853,0.055363423418037884,0.04722361246362271,0.03673689851177544,0.0014968472139709277,0.0027160963691994673,0.0039481962647223,0.005084722217548191,0.006259426646224219,0.011293020124411138,0.01931583804990463,0.01479687303706471,0.033518136776922204,0.04382238034028002,0.05062635953429473,0.05893329626483784,0.05599993167604232,0.0736441869049368,-0.5347102366430302,0.048969832918706976,0.09201235097850254,0.03652393982617452,0.3863060769173823,0.030999309712285802,0.42365075783894973,-0.5671995515614011,1.8757724644755903e-05
san_sma_20d,-0.008679391380850216,-0.010777403762795445,-0.010814253734036498,-0.010253154391810869,-0.008824625529464671,0.00356891359222022,0.07280628674005599,0.21267891739635963,-0.015406239062280343,-0.020332082909358635,-0.0229102773372556,-0.024268843267435,-0.02450849965016239,-0.016053555975356806,0.04345501299907895,0.17024334567573682,0.9950157637828977,0.9977833773802286,0.9994416458068238,1.0,0.9995557913543802,0.9917079851290092,0.9677218738232201,0.8935875286918974,-0.26956520422655517,-0.30137357352467814,-0.3117809336727018,-0.31066457597573216,-0.3089178587702935,-0.27029917521225044,-0.2763806284054265,-0.3146843212809895,-0.3333422062454278,-0.3393026432477671,-0.3443175815613157,-0.32539188277651965,0.0018121797745111645,0.01591976273457482,0.008341276811159532,0.008308103108014782,0.02015974187493802,0.05143645261287002,0.10130592543565764,0.19338268803503333,0.04987755505761359,0.06383679856442599,0.07313116545599799,0.08145762021671743,0.08891948207977868,0.1166624782722092,0.12846871632858944,0.13841163795425868,0.027077814922707166,0.03402887442664835,0.03879422341898669,0.0433631742451679,0.04766512491394687,0.06273922117280391,0.061476973615716,0.04593285497713187,0.0009634466610051638,0.0018249824049627553,0.0027094384857617934,0.003587975669642434,0.004507762419542099,0.009150775094665312,0.018467070457607024,0.0175582418209321,0.04046154461765289,0.049061342815767774,0.05300370914390726,0.06172731151148694,0.05871063571452977,0.07459411643196681,-0.5351559874768724,0.04653441473347422,0.08079277701772594,0.025449611935656875,0.3773155224864796,0.016012354245038576,0.43287341322364276,-0.5661942189210452,0.00020581104928311684
san_sma_25d,-0.009390996886767247,-0.01202657100181526,-0.012674880475094354,-0.01275489109608967,-0.011986718792020339,-0.004302814521914395,0.049360729284164684,0.19585617624592155,-0.016327578217312115,-0.021914878203812816,-0.0252241021964224,-0.027303644077990446,-0.028264500355326624,-0.024823375795531084,0.01810649781510538,0.15182923738580037,0.9929650706429782,0.9960530152236562,0.998242115453121,0.9995557913543802,1.0,0.9942317295489403,0.9713174190422347,0.8975368180707511,-0.2588496648000648,-0.29528343823572656,-0.30813425882198375,-0.3082357563044495,-0.3070771237275797,-0.2715076358476876,-0.2650289817952263,-0.3076208163523777,-0.32891827556901615,-0.33594121195647375,-0.3416528320345264,-0.3261407577811025,0.001138120979298949,0.015009247233516345,0.007238751439967599,0.006793708367517082,0.018232875482089905,0.045395578045489375,0.08327430851279216,0.1803114091049152,0.05043325667614068,0.06486313019264132,0.07467139272748867,0.08355566064844704,0.09162082726398595,0.12269733592488556,0.1429425720468937,0.14920153240621403,0.02753771639822526,0.03487953294850573,0.0400890090438032,0.045152370016659116,0.049983105183063155,0.0678873545586622,0.07560906349842807,0.055863888724726134,0.0007806784324547712,0.0015205248752268316,0.002261760560621251,0.0029558539682433137,0.003577293873237021,0.00697156339519092,0.01716168799835735,0.01968490772253708,0.04646283335627552,0.05479560718899802,0.05585281837189561,0.06433306234677989,0.06158098721493906,0.07552714009585179,-0.5357085959805725,0.04463929951023942,0.07415161916632491,0.020194713070136833,0.3667435430515637,0.007247346840568433,0.44209710360446997,-0.565280405999885,-6.154960551745577e-05
san_sma_50d,-0.010897218406638104,-0.014829284617378412,-0.016963818599073973,-0.018745389151699023,-0.019823475144511972,-0.023369238960934645,-0.001437929834722126,0.10980604082564252,-0.01827155204534334,-0.025444691484599626,-0.030546170971749432,-0.034629110440538735,-0.03774282421954849,-0.04692705357740144,-0.03851516094446395,0.05747312600290288,0.981351736882477,0.9852733973264115,0.9887237032614935,0.9917079851290092,0.9942317295489403,1.0,0.9861639173809936,0.9166384702482908,-0.2105151039773798,-0.2543947003642288,-0.28065428882992294,-0.2893430331660616,-0.29215708692843223,-0.2732125572384422,-0.21439059880696965,-0.2630471635502948,-0.2973450495200554,-0.3127437795471618,-0.32233301810555914,-0.3254681272445075,0.0001601368492810913,0.011686324535940788,0.0035882087096055326,0.0011099419184987518,0.012262783192438164,0.029298566606464984,0.043986302390401036,0.11200900600659744,0.051298326354616744,0.06650235991831835,0.07717343778267313,0.0870660964852159,0.0962824304785073,0.1346687638359968,0.17395993476109997,0.2026822935961163,0.028678564379256675,0.036823665952823534,0.0429113562541228,0.049008716031264436,0.05502466922121609,0.08041464441360262,0.1074148846291224,0.10855613791035577,0.0005002357342339015,0.0009583069339107231,0.0014019194750121934,0.0017702381095473126,0.002028763869093023,0.0032621283548128375,0.0087782685072726,0.023428570653714568,0.06510153750800196,0.08393669555524325,0.07674327604727418,0.07848544619722277,0.07641444350727825,0.08147204582678677,-0.5394614435327184,0.038897786721676944,0.05799109985654204,0.007066271966912054,0.30032495111774066,-0.013093950477301943,0.48292840943976223,-0.5612226745548796,-0.00022036634482314676
